25
646,0,;975,14,14;527,36,22;249,50,12;83,72,22;995,102,30;1271,110,8;1359,116,6;440,143,25;356,153,10;1280,179,26;539,202,23;611,224,22;529,237,12;634,252,15;430,276,24;152,286,10;888,310,22;976,316,6;906,340,24;1272,354,14;1464,368,14;1164,398,30;893,409,11;526,422,13;544,440,18;81,455,15;77,459,4;803,487,26;710,490,3;892,500,8;978,-1,;1070,-1,;
504,0,;342,27,27;72,43,16;894,74,28;705,83,9;714,93,9;634,107,14;452,115,8;253,135,19;795,159,22;241,183,22;1076,208,25;1275,228,19;1460,243,15;1180,257,14;977,280,23;239,304,24;244,309,5;343,318,9;809,337,18;253,355,18;1179,390,26;717,402,12;1447,426,24;1252,441,15;1276,465,24;521,-1,;334,-1,;68,-1,;
1282,0,;1365,11,11;1174,22,11;904,34,12;173,63,25;62,85,21;237,100,15;609,114,14;885,130,16;1434,149,19;249,196,37;437,208,12;538,219,11;910,237,18;985,256,19;1253,270,14;697,288,18;1345,310,20;334,343,33;360,370,26;1004,386,16;1365,403,17;1175,413,10;1174,414,1;1071,427,13;973,437,10;1170,454,17;424,482,26;163,-1,;812,-1,;636,-1,;
510,0,;1440,36,30;1080,56,16;1441,73,15;633,113,38;360,124,11;170,136,12;528,154,18;1081,179,23;998,190,11;992,196,6;1276,210,14;992,227,14;817,240,13;263,262,22;160,275,13;796,299,22;901,314,15;631,326,12;345,344,16;447,356,12;1358,385,29;1437,400,15;1437,400,0;1437,402,0;428,437,31;251,448,11;145,464,16;1435,498,32;1435,498,0;1435,500,0;1080,-1,;989,-1,;
734,0,;538,16,16;530,24,8;900,38,14;798,52,12;889,57,5;697,71,14;1164,90,19;60,120,30;172,142,22;259,149,7;726,168,19;728,170,2;1457,197,25;1341,223,26;342,258,35;251,268,9;625,284,16;1090,299,15;1082,308,8;1163,321,13;346,355,29;173,370,15;818,391,21;910,399,8;67,437,33;154,444,7;57,453,9;713,481,26;268,-1,;
278,0,;884,21,21;881,24,3;903,46,22;537,58,12;539,60,2;78,83,19;345,98,15;1358,133,31;1357,134,1;1165,146,12;794,161,15;424,179,18;425,180,1;997,212,32;817,226,14;706,247,21;901,264,15;1356,281,17;1344,293,12;241,326,33;243,328,2;435,340,12;439,344,4;165,354,10;800,379,25;889,384,5;793,394,10;519,410,16;516,413,3;610,417,4;164,441,24;704,466,24;813,485,19;1455,-1,;1355,-1,;1460,-1,;
971,0,;896,19,19;1002,37,16;541,56,17;1082,81,23;982,91,10;242,113,22;149,116,3;1160,147,31;1162,149,2;996,171,22;1094,183,12;620,207,24;610,217,10;161,238,21;353,250,12;726,269,19;897,286,17;802,297,11;1442,315,18;1439,318,3;886,339,21;897,350,11;1171,366,16;1177,372,6;1000,384,11;451,403,19;543,409,6;171,425,16;433,445,20;67,459,14;260,472,13;169,475,3;447,489,14;727,-1,;84,-1,;
1200,0,;619,32,30;807,46,14;450,69,19;1367,98,29;1067,128,30;613,148,20;153,162,14;57,172,10;901,207,34;904,210,3;991,217,7;1180,226,9;1000,238,12;1166,260,22;1440,288,10;1158,304,16;1066,306,2;713,332,23;438,349,15;168,361,12;245,378,17;1441,410,30;1002,444,31;818,454,10;73,479,25;808,498,19;904,-1,;1251,-1,;149,-1,;
178,0,;266,6,6;544,16,10;804,39,22;714,43,4;252,65,20;524,77,12;976,96,18;1459,129,33;1089,145,16;803,164,16;703,174,10;440,193,19;516,211,18;517,212,1;60,231,19;75,246,15;71,250,4;169,258,8;634,281,21;798,305,24;1264,321,16;1365,332,11;167,374,30;261,-1,;
281,0,;519,13,13;1164,38,21;1168,42,4;1353,49,7;1265,55,6;1268,58,3;1456,66,8;991,85,15;896,90,5;701,107,15;975,121,14;1433,135,14;809,171,34;257,185,14;266,194,9;722,214,20;354,230,16;632,246,16;1093,267,19;447,291,24;441,297,6;806,310,13;894,322,12;1168,332,10;1251,343,11;896,364,21;522,385,14;517,390,5;331,402,12;710,423,19;1068,441,18;1277,470,29;1089,484,14;722,-1,;175,-1,;1451,-1,;
1424,0,;1356,23,23;801,46,19;424,63,17;727,96,33;1346,135,39;1157,147,11;1158,148,1;329,171,21;245,183,12;699,203,20;717,221,18;527,234,12;1079,256,20;1165,268,8;1181,284,16;1279,296,12;537,322,26;71,340,16;82,351,11;1280,381,30;533,410,27;713,420,10;1087,434,14;620,451,17;789,472,19;240,489,17;53,498,9;259,-1,;1364,-1,;
181,0,;725,20,20;1177,38,18;1273,44,6;1346,65,21;981,80,15;515,102,20;158,121,19;435,134,13;68,151,17;70,153,2;897,180,27;1078,193,13;1273,208,15;1095,224,14;911,232,8;713,250,18;1273,272,20;1453,280,8;903,295,14;794,316,19;425,335,19;147,349,14;974,372,23;998,396,24;1188,408,12;84,434,26;715,461,27;1369,485,24;1450,498,13;995,-1,;1345,-1,;239,-1,;
1055,0,;1280,10,10;989,31,21;800,42,11;1446,63,18;1157,82,19;238,107,23;267,138,29;358,145,7;441,156,11;996,176,15;1083,187,7;989,197,10;706,211,13;990,228,14;1088,237,8;720,249,12;61,278,29;808,334,27;1183,350,15;1439,376,26;1076,389,13;609,408,17;422,419,11;449,446,27;726,459,13;1082,479,20;1451,496,15;1353,-1,;242,-1,;82,-1,;
600,0,;1343,23,23;1074,38,15;1352,47,8;1349,50,3;1254,55,5;628,90,32;71,109,17;82,120,11;1268,156,36;1170,168,12;1073,175,7;1068,180,5;1252,192,12;536,228,36;73,241,13;171,249,8;68,264,13;53,279,15;617,304,24;533,314,10;533,314,0;533,316,0;174,333,17;885,374,41;608,389,15;1344,413,24;1346,415,2;238,449,32;252,463,14;158,467,4;69,478,11;344,495,17;811,-1,;977,-1,;1280,-1,;
316,0,;357,6,6;432,25,19;435,28,3;436,29,1;521,38,9;606,47,9;811,72,25;1000,83,11;819,94,11;1363,116,22;993,126,10;815,137,10;622,150,13;73,171,17;335,192,20;1256,221,27;1357,232,11;1366,241,9;1269,248,7;1187,260,12;898,279,19;709,292,13;521,301,8;618,308,7;1072,328,16;1094,350,22;1186,352,2;720,372,20;802,440,12;989,456,13;1072,467,11;1091,488,19;164,-1,;610,-1,;422,-1,;
143,0,;425,12,12;1445,44,30;622,72,27;522,82,10;813,105,21;268,127,21;176,129,2;801,162,33;887,170,8;1070,183,13;1065,188,5;710,211,21;68,238,22;70,240,2;897,269,27;1170,284,15;1268,296,12;1433,319,23;149,353,34;260,376,21;895,-1,;
273,0,;542,13,13;1455,42,29;888,71,27;65,94,23;64,95,1;449,120,25;908,139,19;346,167,22;161,180,13;421,202,22;797,222,18;989,234,12;1077,246,10;1260,253,7;908,280,24;820,288,8;352,308,20;259,313,5;708,336,21;628,350,14;612,366,16;1173,387,21;1342,409,19;698,427,18;1445,457,27;1185,479,22;1279,487,8;630,-1,;262,-1,;73,-1,;
869,0,;806,18,18;439,35,15;148,56,21;335,71,15;1078,96,23;1170,98,2;1071,107,9;801,120,12;1091,144,20;1274,157,13;1279,162,5;905,180,18;351,198,16;360,207,9;444,217,10;346,225,8;716,243,14;812,249,6;999,260,11;1368,279,19;1448,293,14;1072,309,16;710,330,14;700,342,10;514,352,10;333,363,11;715,385,22;716,386,1;1072,412,20;1250,426,14;711,451,25;64,474,19;264,494,20;176,500,6;805,-1,;800,-1,;
871,0,;912,6,6;630,20,14;531,29,9;451,43,14;70,64,21;996,92,26;981,107,15;1442,120,13;1448,128,6;1435,143,13;1261,157,14;808,179,21;709,188,9;973,206,18;981,214,8;717,234,18;436,247,13;237,266,19;170,293,27;64,309,16;1089,349,35;1181,351,2;1003,365,14;1371,377,12;1348,400,23;1170,410,10;619,433,19;437,449,14;160,466,17;82,482,16;801,-1,;1361,-1,;974,-1,;
1194,0,;84,30,30;1277,61,31;715,83,22;427,103,18;423,107,4;145,117,10;237,119,2;240,122,3;794,144,22;805,155,11;338,173,17;1164,197,22;1436,213,16;1459,238,23;1188,251,13;818,263,12;176,281,18;57,312,29;698,336,21;702,340,4;241,363,21;1262,394,31;982,407,10;1091,426,19;633,446,20;437,462,16;157,476,14;148,485,9;80,-1,;1186,-1,;1368,-1,;
1246,0,;887,17,17;340,34,17;246,41,4;544,71,28;908,85,14;1361,102,17;1457,108,6;1073,132,24;425,248,22;60,265,17;145,276,11;171,303,26;69,315,12;175,331,16;728,346,15;912,352,6;254,383,28;513,406,23;796,421,15;1070,438,14;1350,450,12;1438,458,8;1354,468,10;1363,477,9;1458,484,7;814,-1,;
826,0,;536,20,20;75,33,13;610,74,29;422,86,12;704,102,16;424,118,16;798,134,16;1447,160,19;1452,165,5;1369,176,11;728,195,19;520,229,28;427,238,9;700,255,17;887,270,15;1088,291,21;1271,298,7;715,314,16;256,329,15;262,335,6;443,344,9;357,352,8;428,375,23;1074,396,18;1082,404,8;1345,423,19;1342,426,3;519,455,27;436,467,11;622,481,14;704,493,12;984,-1,;430,-1,;83,-1,;
465,0,;790,10,10;245,33,23;528,46,13;543,61,15;1280,80,19;1440,108,28;1345,119,11;1164,132,13;882,148,16;789,153,5;973,159,6;793,169,10;890,178,9;1345,195,17;1181,219,24;907,233,14;150,270,37;795,352,23;1251,372,20;702,393,21;620,405,12;901,418,13;898,421,3;907,430,9;717,440,10;724,447,7;618,463,16;987,482,15;1452,-1,;1433,-1,;72,-1,;
549,0,;631,12,12;793,38,26;885,50,12;1264,69,19;999,86,17;434,113,25;54,133,20;790,153,20;1161,168,15;1085,186,18;808,196,9;820,208,12;1462,226,18;1449,239,13;345,275,34;356,286,11;330,316,26;240,324,8;73,345,21;246,360,15;525,369,9;993,389,20;1364,402,11;1258,418,16;1158,430,12;147,458,27;57,468,10;337,482,14;170,-1,;819,-1,;1265,-1,;
918,0,;632,16,16;345,33,17;809,51,16;1272,64,13;1451,73,9;1260,86,13;430,109,20;517,121,9;429,132,10;147,148,16;69,164,16;1364,205,35;1464,217,12;1441,240,23;1067,258,18;804,277,19;790,291,14;1070,305,14;981,317,9;973,325,8;340,350,25;724,374,24;1088,390,16;1171,456,11;249,489,26;167,-1,;449,-1,;633,-1,;
